50
32
-1.55 2 3
-1.50 2 3
-1.45 2 3
-1.40 2 3
-1.35 2 3
-1.30 2 3
-1.25 2 3
-1.20 2 3
-1.15 2 3
-1.10 2 3
-1.05 2 3
-1.00 2 3
-0.95 2 3
-0.90 2 3
-0.85 2 3
-0.80 2 3
-0.75 2 3
-0.70 2 3
-0.65 2 3
-0.60 2 3
-0.55 2 3
-0.50 2 3
-0.45 2 3
-0.40 2 3
-0.35 2 3
-0.30 2 3
-0.25 2 3
-0.20 2 3
-0.15 2 3
-0.10 2 3
-0.05 2 3
0 2 3
32
-1.55 2 1
-1.50 2 1
-1.45 2 1
-1.40 2 1
-1.35 2 1
-1.30 2 1
-1.25 2 1
-1.20 2 1
-1.15 2 1
-1.10 2 1
-1.05 2 1
-1.00 2 1
-0.95 2 1
-0.90 2 1
-0.85 2 1
-0.80 2 1
-0.75 2 1
-0.70 2 1
-0.65 2 1
-0.60 2 1
-0.55 2 1
-0.50 2 1
-0.45 2 1
-0.40 2 1
-0.35 2 1
-0.30 2 1
-0.25 2 1
-0.20 2 1
-0.15 2 1
-0.10 2 1
-0.05 2 1
0 2 1

