50
30 40
imagenes/garrote.png
4 1
1 0.5
3
-1.60 1.8 1.2

62
-1.60 1.6 1.2 0
-1.55 1.4 1.2 0
-1.50 1.2 1.2 0
-1.45 1.0 1.2 0
-1.40 0.8 1.3 0
-1.35 0.6 1.3 0
-1.30 0.4 1.3 0
-1.25 0.2 1.3 0
-1.20 0.2 1.4 0
-1.15 0.2 1.4 0
-1.10 0.2 1.4 0
-1.00 0.2 1.4 0
-0.95 0.2 1.5 0
-0.90 0.2 1.6 1
-0.85 0.2 1.7 1
-0.80 0.2 1.8 1
-0.75 0.2 1.9 1
-0.70 0.2 1.9 1
-0.65 0.2 1.9 1
-0.60 0.2 1.9 1
-0.55 0.2 1.9 1
-0.50 0.2 1.9 1
-0.45 0.2 1.9 1
-0.40 0.2 1.9 1
-0.30 0.2 1.9 1
-0.20 0.2 1.9 1
-0.10 0.2 1.9 1
-0.00 0.2 1.9 1
00.10 0.2 1.8 1
00.20 0.2 1.8 1
00.30 0.2 1.8 1
00.40 0.2 1.8 1
00.50 0.2 1.8 1
00.55 0.2 1.7 1
00.60 0.2 1.7 1
00.63 0.20 1.7 1
00.66 0.23 1.7 1
00.70 0.26 1.7 1
00.66 0.30 1.7 1
00.63 0.35 1.6 1
00.55 0.4 1.5 0
00.50 0.6 1.5 0
00.40 0.8 1.4 0
00.30 1.0 1.4 0
00.25 1.2 1.4 0
00.20 1.4 1.3 0
00.10 1.6 1.3 0
00.00 1.4 1.3 0
-0.10 1.2 1.3 0
-0.20 1.0 1.2 0
-0.30 0.8 1.2 0
-0.40 0.7 1.2 0
-0.50 0.8 1.2 0
-0.60 0.9 1.2 0
-0.70 1.0 1.2 0
-0.80 1.1 1.2 0
-0.90 1.2 1.2 0
-1.00 1.3 1.2 0
-1.10 1.4 1.2 0
-1.16 1.5 1.2 0
-1.33 1.6 1.2 0
-1.50 1.7 1.2 0

75
-1.65 2.0 1.0 0
-1.70 2.0 1.1 0
-1.75 2.0 1.1 0
-1.80 2.0 1.1 0
-1.85 2.0 1.2 0
-1.90 2.0 1.2 0
-1.93 2.0 1.2 0
-1.96 2.0 1.3 0
-2.00 2.0 1.3 0
-2.00 2.0 1.3 0
-2.00 2.0 1.3 0
-2.00 2.0 1.3 0
-2.00 2.0 1.3 0
-2.00 2.0 1.3 0
-2.00 2.0 1.3 0
-2.00 2.0 1.3 0
-2.00 2.0 1.3 0
-2.00 2.0 1.3 0
-2.00 2.0 1.3 0
-2.00 2.0 1.3 0
-2.00 2.0 1.3 0
-2.00 2.0 1.3 0
-2.00 2.0 1.3 0
-2.00 2.0 1.3 0
-1.96 2.0 1.3 0
-1.93 2.0 1.2 0
-1.90 2.0 1.2 1
-1.85 2.0 1.2 1
-1.80 2.0 1.1 1
-1.75 2.0 1.1 1
-1.70 2.0 1.2 1
-1.60 1.9 1.2 1
-1.50 1.8 1.2 1
-1.40 1.7 1.3 1
-1.30 1.6 1.3 1
-1.20 1.5 1.4 1
-1.10 1.4 1.5 1
-1.00 1.3 1.6 1
-0.90 1.2 1.7 1
-0.80 1.1 1.8 1
-0.70 1.1 1.9 1
-0.60 1.0 2.0 1
-0.50 0.8 2.2 1
-0.40 0.6 2.4 1
-0.30 0.5 2.6 1
-0.20 0.4 2.8 1
-0.20 0.4 2.8 1
-0.20 0.4 2.8 1
-0.20 0.4 2.8 0
-0.20 0.4 2.8 0
-0.20 0.4 2.8 0
-0.20 0.4 2.8 0
-0.20 0.4 2.8 0
-0.20 0.4 2.8 0
-0.20 0.4 2.8 0
-0.20 0.4 2.8 0
-0.20 0.4 2.8 0
-0.20 0.4 2.8 0
-0.30 0.5 2.6 0
-0.40 0.6 2.4 0
-0.50 0.8 2.2 0
-0.60 1.0 2.0 0
-0.70 1.1 1.9 0
-0.80 1.2 1.8 0
-0.90 1.3 1.7 0
-1.00 1.4 1.6 0
-1.10 1.5 1.5 0
-1.20 1.6 1.4 0
-1.30 1.7 1.3 0
-1.40 1.8 1.3 0
-1.50 1.9 1.2 0
-1.60 2.0 1.2 0
-1.70 2.0 1.2 0
-1.80 2.0 1.2 0
-1.90 2.0 1.2 0

