100
60 40
imagenes/lanza.png
6 0.6
1 0.3
5
-1.60 1.8 1.2

70
-1.65 2.0 1.0 0
-1.70 2.0 1.1 0
-1.75 2.0 1.1 0
-1.80 2.0 1.1 0
-1.85 2.0 1.2 0
-1.90 2.0 1.2 0
-1.93 2.0 1.2 0
-1.96 2.0 1.3 0
-2.00 2.0 1.3 0
-2.00 2.0 1.3 0
-2.00 2.0 1.3 0
-2.00 2.0 1.3 0
-2.00 2.0 1.3 0
-2.00 2.0 1.3 0
-2.00 2.0 1.3 0
-2.00 2.0 1.3 0
-2.00 2.0 1.3 0
-2.00 2.0 1.3 0
-2.00 2.0 1.3 0
-1.96 2.0 1.3 0
-1.93 2.0 1.2 0
-1.90 2.0 1.2 1
-1.85 2.0 1.2 1
-1.80 2.0 1.1 1
-1.75 2.0 1.1 1
-1.70 2.0 1.2 1
-1.60 1.9 1.2 1
-1.50 1.8 1.2 1
-1.40 1.7 1.3 1
-1.30 1.6 1.3 1
-1.20 1.5 1.4 1
-1.10 1.4 1.5 1
-1.00 1.3 1.6 1
-0.90 1.2 1.7 1
-0.80 1.1 1.8 1
-0.70 1.1 1.9 1
-0.60 1.0 2.0 1
-0.50 0.8 2.2 1
-0.40 0.6 2.4 1
-0.30 0.5 2.6 1
-0.20 0.4 2.8 1
-0.20 0.4 2.8 1
-0.20 0.4 2.8 1
-0.20 0.4 2.8 0
-0.20 0.4 2.8 0
-0.20 0.4 2.8 0
-0.20 0.4 2.8 0
-0.20 0.4 2.8 0
-0.20 0.4 2.8 0
-0.20 0.4 2.8 0
-0.20 0.4 2.8 0
-0.20 0.4 2.8 0
-0.20 0.4 2.8 0
-0.30 0.5 2.6 0
-0.40 0.6 2.4 0
-0.50 0.8 2.2 0
-0.60 1.0 2.0 0
-0.70 1.1 1.9 0
-0.80 1.2 1.8 0
-0.90 1.3 1.7 0
-1.00 1.4 1.6 0
-1.10 1.5 1.5 0
-1.20 1.6 1.4 0
-1.30 1.7 1.3 0
-1.40 1.8 1.3 0
-1.50 1.9 1.2 0
-1.60 2.0 1.2 0
-1.70 2.0 1.2 0
-1.80 2.0 1.2 0
-1.90 2.0 1.2 0

90
-1.65 2.0 1.0 0
-1.70 2.0 1.1 0
-1.75 2.0 1.1 0
-1.80 2.0 1.1 0
-1.85 2.0 1.2 0
-1.90 2.0 1.2 0
-1.93 2.0 1.2 0
-1.96 2.0 1.3 0
-2.00 2.0 1.3 0
-2.00 2.0 1.3 0
-2.00 2.0 1.3 0
-2.00 2.0 1.3 0
-2.00 2.0 1.3 0
-2.00 2.0 1.3 0
-2.00 2.0 1.3 0
-2.00 2.0 1.3 0
-2.00 2.0 1.3 0
-2.00 2.0 1.3 0
-2.00 2.0 1.3 0
-2.00 2.0 1.3 0
-2.00 2.0 1.3 0
-2.00 2.0 1.3 0
-2.00 2.0 1.3 0
-2.00 2.0 1.3 0
-2.00 2.0 1.3 0
-2.00 2.0 1.3 0
-2.00 2.0 1.3 0
-2.00 2.0 1.3 0
-2.00 2.0 1.3 0
-2.00 2.0 1.3 0
-2.00 2.0 1.3 0
-2.00 2.0 1.3 0
-2.00 2.0 1.3 0
-2.00 2.0 1.3 0
-1.96 2.0 1.3 0
-1.93 2.0 1.2 0
-1.90 2.0 1.2 1
-1.85 2.0 1.2 1
-1.80 2.0 1.1 1
-1.75 2.0 1.1 1
-1.70 2.0 1.2 1
-1.60 1.9 1.2 1
-1.50 1.8 1.2 1
-1.40 1.7 1.3 1
-1.30 1.6 1.3 1
-1.20 1.5 1.4 1
-1.10 1.4 1.5 1
-1.00 1.3 1.6 1
-0.90 1.2 1.7 1
-0.80 1.1 1.8 1
-0.70 1.1 1.9 1
-0.60 1.0 2.0 1
-0.50 0.8 2.2 1
-0.40 0.6 2.4 1
-0.30 0.5 2.6 1
-0.20 0.4 2.8 1
-0.20 0.4 2.8 1
-0.20 0.4 2.8 1
-0.20 0.4 2.8 0
-0.20 0.4 2.8 0
-0.20 0.4 2.8 0
-0.20 0.4 2.8 0
-0.20 0.4 2.8 0
-0.20 0.4 2.8 0
-0.20 0.4 2.8 0
-0.20 0.4 2.8 0
-0.20 0.4 2.8 0
-0.20 0.4 2.8 0
-0.20 0.4 2.8 0
-0.20 0.4 2.8 0
-0.20 0.4 2.8 0
-0.20 0.4 2.8 0
-0.20 0.4 2.8 0
-0.30 0.5 2.6 0
-0.40 0.6 2.4 0
-0.50 0.8 2.2 0
-0.60 1.0 2.0 0
-0.70 1.1 1.9 0
-0.80 1.2 1.8 0
-0.90 1.3 1.7 0
-1.00 1.4 1.6 0
-1.10 1.5 1.5 0
-1.20 1.6 1.4 0
-1.30 1.7 1.3 0
-1.40 1.8 1.3 0
-1.50 1.9 1.2 0
-1.60 2.0 1.2 0
-1.70 2.0 1.2 0
-1.80 2.0 1.2 0
-1.90 2.0 1.2 0

